<?xml version="1.0" encoding="utf-8"?>
<COLLADA xmlns="http://www.collada.org/2005/11/COLLADASchema" version="1.4.1">
  <asset><contributor><author></author><authoring_tool>FBX COLLADA exporter</authoring_tool><comments></comments></contributor><created>2014-05-27T10:40:18Z</created><keywords></keywords><modified>2014-05-27T10:40:18Z</modified><revision></revision><subject></subject><title></title><unit meter="0.025400" name="centimeter"></unit><up_axis>Z_UP</up_axis></asset>
  <library_geometries>
    <geometry id="Cylinder001-lib" name="Cylinder001Mesh">
      <mesh>
        <source id="Cylinder001-POSITION">
          <float_array id="Cylinder001-POSITION-array" count="174">
0.000000 0.000000 0.000000
3.000000 0.000000 0.000000
2.121320 2.121320 0.000000
-0.000000 3.000000 0.000000
-2.121320 2.121320 0.000000
-3.000000 -0.000000 0.000000
-2.121320 -2.121321 0.000000
0.000000 -3.000000 0.000000
2.121320 -2.121321 0.000000
3.000000 0.000000 5.000000
2.121320 2.121320 5.000000
-0.000000 3.000000 5.000000
-2.121320 2.121320 5.000000
-3.000000 -0.000000 5.000000
-2.121320 -2.121321 5.000000
0.000000 -3.000000 5.000000
2.121320 -2.121321 5.000000
3.000000 0.000000 10.000000
2.121320 2.121320 10.000000
-0.000000 3.000000 10.000000
-2.121320 2.121320 10.000000
-3.000000 -0.000000 10.000000
-2.121320 -2.121321 10.000000
0.000000 -3.000000 10.000000
2.121320 -2.121321 10.000000
3.000000 0.000000 15.000000
2.121320 2.121320 15.000000
-0.000000 3.000000 15.000000
-2.121320 2.121320 15.000000
-3.000000 -0.000000 15.000000
-2.121320 -2.121321 15.000000
0.000000 -3.000000 15.000000
2.121320 -2.121321 15.000000
3.000000 0.000000 20.000000
2.121320 2.121320 20.000000
-0.000000 3.000000 20.000000
-2.121320 2.121320 20.000000
-3.000000 -0.000000 20.000000
-2.121320 -2.121321 20.000000
0.000000 -3.000000 20.000000
2.121320 -2.121321 20.000000
3.000000 0.000000 25.000000
2.121320 2.121320 25.000000
-0.000000 3.000000 25.000000
-2.121320 2.121320 25.000000
-3.000000 -0.000000 25.000000
-2.121320 -2.121321 25.000000
0.000000 -3.000000 25.000000
2.121320 -2.121321 25.000000
3.000000 0.000000 30.000000
2.121320 2.121320 30.000000
-0.000000 3.000000 30.000000
-2.121320 2.121320 30.000000
-3.000000 -0.000000 30.000000
-2.121320 -2.121321 30.000000
0.000000 -3.000000 30.000000
2.121320 -2.121321 30.000000
0.000000 0.000000 30.000000
</float_array>
          <technique_common>
            <accessor source="#Cylinder001-POSITION-array" count="58" stride="3">
              <param name="X" type="float"/>
              <param name="Y" type="float"/>
              <param name="Z" type="float"/>
            </accessor>
          </technique_common>
        </source>
        <source id="Cylinder001-Normal0">
          <float_array id="Cylinder001-Normal0-array" count="1008">
0.000000 0.000000 -1.000000
0.000000 0.000000 -1.000000
0.000000 0.000000 -1.000000
0.000000 0.000000 -1.000000
0.000000 0.000000 -1.000000
0.000000 0.000000 -1.000000
0.000000 0.000000 -1.000000
0.000000 0.000000 -1.000000
0.000000 0.000000 -1.000000
0.000000 0.000000 -1.000000
0.000000 0.000000 -1.000000
0.000000 0.000000 -1.000000
0.000000 0.000000 -1.000000
0.000000 0.000000 -1.000000
0.000000 0.000000 -1.000000
0.000000 0.000000 -1.000000
0.000000 0.000000 -1.000000
0.000000 0.000000 -1.000000
0.000000 0.000000 -1.000000
0.000000 0.000000 -1.000000
0.000000 0.000000 -1.000000
0.000000 0.000000 -1.000000
0.000000 0.000000 -1.000000
0.000000 0.000000 -1.000000
0.923880 0.382683 0.000000
0.923880 0.382684 0.000000
0.923880 0.382683 0.000000
0.923880 0.382684 0.000000
0.923880 0.382683 0.000000
0.923880 0.382683 0.000000
0.382683 0.923880 0.000000
0.382683 0.923880 0.000000
0.382683 0.923880 0.000000
0.382683 0.923880 0.000000
0.382683 0.923880 0.000000
0.382683 0.923880 0.000000
-0.382683 0.923880 0.000000
-0.382684 0.923879 0.000000
-0.382683 0.923880 0.000000
-0.382684 0.923879 0.000000
-0.382683 0.923880 0.000000
-0.382683 0.923880 0.000000
-0.923880 0.382683 0.000000
-0.923880 0.382683 0.000000
-0.923880 0.382683 0.000000
-0.923880 0.382683 0.000000
-0.923880 0.382683 0.000000
-0.923880 0.382683 0.000000
-0.923879 -0.382683 0.000000
-0.923879 -0.382684 0.000000
-0.923880 -0.382684 0.000000
-0.923879 -0.382684 0.000000
-0.923880 -0.382684 0.000000
-0.923879 -0.382683 0.000000
-0.382683 -0.923880 0.000000
-0.382683 -0.923880 0.000000
-0.382683 -0.923880 0.000000
-0.382683 -0.923880 0.000000
-0.382683 -0.923880 0.000000
-0.382683 -0.923880 0.000000
0.382683 -0.923880 0.000000
0.382683 -0.923880 0.000000
0.382683 -0.923880 0.000000
0.382683 -0.923880 0.000000
0.382683 -0.923880 0.000000
0.382683 -0.923880 0.000000
0.923880 -0.382683 0.000000
0.923880 -0.382683 0.000000
0.923880 -0.382683 0.000000
0.923880 -0.382683 0.000000
0.923880 -0.382683 0.000000
0.923880 -0.382683 0.000000
0.923880 0.382683 0.000000
0.923880 0.382684 0.000000
0.923880 0.382683 0.000000
0.923880 0.382684 0.000000
0.923880 0.382683 0.000000
0.923880 0.382683 0.000000
0.382683 0.923880 0.000000
0.382683 0.923880 0.000000
0.382683 0.923880 0.000000
0.382683 0.923880 0.000000
0.382683 0.923880 0.000000
0.382683 0.923880 0.000000
-0.382683 0.923880 0.000000
-0.382684 0.923879 0.000000
-0.382683 0.923880 0.000000
-0.382684 0.923879 0.000000
-0.382683 0.923880 0.000000
-0.382683 0.923880 0.000000
-0.923880 0.382683 0.000000
-0.923880 0.382683 0.000000
-0.923880 0.382683 0.000000
-0.923880 0.382683 0.000000
-0.923880 0.382683 0.000000
-0.923880 0.382683 0.000000
-0.923879 -0.382683 0.000000
-0.923879 -0.382684 0.000000
-0.923880 -0.382684 0.000000
-0.923879 -0.382684 0.000000
-0.923880 -0.382684 0.000000
-0.923879 -0.382683 0.000000
-0.382683 -0.923880 0.000000
-0.382683 -0.923880 0.000000
-0.382683 -0.923880 0.000000
-0.382683 -0.923880 0.000000
-0.382683 -0.923880 0.000000
-0.382683 -0.923880 0.000000
0.382683 -0.923880 0.000000
0.382683 -0.923880 0.000000
0.382683 -0.923880 0.000000
0.382683 -0.923880 0.000000
0.382683 -0.923880 0.000000
0.382683 -0.923880 0.000000
0.923880 -0.382683 0.000000
0.923880 -0.382683 0.000000
0.923880 -0.382683 0.000000
0.923880 -0.382683 0.000000
0.923880 -0.382683 0.000000
0.923880 -0.382683 0.000000
0.923880 0.382683 0.000000
0.923880 0.382684 0.000000
0.923880 0.382683 0.000000
0.923880 0.382684 0.000000
0.923880 0.382683 0.000000
0.923880 0.382683 0.000000
0.382683 0.923880 0.000000
0.382683 0.923880 0.000000
0.382683 0.923880 0.000000
0.382683 0.923880 0.000000
0.382683 0.923880 0.000000
0.382683 0.923880 0.000000
-0.382683 0.923880 0.000000
-0.382684 0.923879 0.000000
-0.382683 0.923880 0.000000
-0.382684 0.923879 0.000000
-0.382683 0.923880 0.000000
-0.382683 0.923880 0.000000
-0.923880 0.382683 0.000000
-0.923880 0.382683 0.000000
-0.923880 0.382683 0.000000
-0.923880 0.382683 0.000000
-0.923880 0.382683 0.000000
-0.923880 0.382683 0.000000
-0.923879 -0.382683 0.000000
-0.923879 -0.382684 0.000000
-0.923880 -0.382684 0.000000
-0.923879 -0.382684 0.000000
-0.923880 -0.382684 0.000000
-0.923879 -0.382683 0.000000
-0.382683 -0.923880 0.000000
-0.382683 -0.923880 0.000000
-0.382683 -0.923880 0.000000
-0.382683 -0.923880 0.000000
-0.382683 -0.923880 0.000000
-0.382683 -0.923880 0.000000
0.382683 -0.923880 0.000000
0.382683 -0.923880 0.000000
0.382683 -0.923880 0.000000
0.382683 -0.923880 0.000000
0.382683 -0.923880 0.000000
0.382683 -0.923880 0.000000
0.923880 -0.382683 0.000000
0.923880 -0.382683 0.000000
0.923880 -0.382683 0.000000
0.923880 -0.382683 0.000000
0.923880 -0.382683 0.000000
0.923880 -0.382683 0.000000
0.923880 0.382683 0.000000
0.923880 0.382684 0.000000
0.923880 0.382683 0.000000
0.923880 0.382684 0.000000
0.923880 0.382683 0.000000
0.923880 0.382683 0.000000
0.382683 0.923880 0.000000
0.382683 0.923880 0.000000
0.382683 0.923880 0.000000
0.382683 0.923880 0.000000
0.382683 0.923880 0.000000
0.382683 0.923880 0.000000
-0.382683 0.923880 0.000000
-0.382684 0.923879 0.000000
-0.382683 0.923880 0.000000
-0.382684 0.923879 0.000000
-0.382683 0.923880 0.000000
-0.382683 0.923880 0.000000
-0.923880 0.382683 0.000000
-0.923880 0.382683 0.000000
-0.923880 0.382683 0.000000
-0.923880 0.382683 0.000000
-0.923880 0.382683 0.000000
-0.923880 0.382683 0.000000
-0.923879 -0.382683 0.000000
-0.923879 -0.382684 0.000000
-0.923880 -0.382684 0.000000
-0.923879 -0.382684 0.000000
-0.923880 -0.382684 0.000000
-0.923879 -0.382683 0.000000
-0.382683 -0.923880 0.000000
-0.382683 -0.923880 0.000000
-0.382683 -0.923880 0.000000
-0.382683 -0.923880 0.000000
-0.382683 -0.923880 0.000000
-0.382683 -0.923880 0.000000
0.382683 -0.923880 0.000000
0.382683 -0.923880 0.000000
0.382683 -0.923880 0.000000
0.382683 -0.923880 0.000000
0.382683 -0.923880 0.000000
0.382683 -0.923880 0.000000
0.923880 -0.382683 0.000000
0.923880 -0.382683 0.000000
0.923880 -0.382683 0.000000
0.923880 -0.382683 0.000000
0.923880 -0.382683 0.000000
0.923880 -0.382683 0.000000
0.923880 0.382683 0.000000
0.923880 0.382684 0.000000
0.923880 0.382683 0.000000
0.923880 0.382684 0.000000
0.923880 0.382683 0.000000
0.923880 0.382683 0.000000
0.382683 0.923880 0.000000
0.382683 0.923880 0.000000
0.382683 0.923880 0.000000
0.382683 0.923880 0.000000
0.382683 0.923880 0.000000
0.382683 0.923880 0.000000
-0.382683 0.923880 0.000000
-0.382684 0.923879 0.000000
-0.382683 0.923880 0.000000
-0.382684 0.923879 0.000000
-0.382683 0.923880 0.000000
-0.382683 0.923880 0.000000
-0.923880 0.382683 0.000000
-0.923880 0.382683 0.000000
-0.923880 0.382683 0.000000
-0.923880 0.382683 0.000000
-0.923880 0.382683 0.000000
-0.923880 0.382683 0.000000
-0.923879 -0.382683 0.000000
-0.923879 -0.382684 0.000000
-0.923880 -0.382684 0.000000
-0.923879 -0.382684 0.000000
-0.923880 -0.382684 0.000000
-0.923879 -0.382683 0.000000
-0.382683 -0.923880 0.000000
-0.382683 -0.923880 0.000000
-0.382683 -0.923880 0.000000
-0.382683 -0.923880 0.000000
-0.382683 -0.923880 0.000000
-0.382683 -0.923880 0.000000
0.382683 -0.923880 0.000000
0.382683 -0.923880 0.000000
0.382683 -0.923880 0.000000
0.382683 -0.923880 0.000000
0.382683 -0.923880 0.000000
0.382683 -0.923880 0.000000
0.923880 -0.382683 0.000000
0.923880 -0.382683 0.000000
0.923880 -0.382683 0.000000
0.923880 -0.382683 0.000000
0.923880 -0.382683 0.000000
0.923880 -0.382683 0.000000
0.923880 0.382683 0.000000
0.923880 0.382684 0.000000
0.923880 0.382683 0.000000
0.923880 0.382684 0.000000
0.923880 0.382683 0.000000
0.923880 0.382683 0.000000
0.382683 0.923880 0.000000
0.382683 0.923880 0.000000
0.382683 0.923880 0.000000
0.382683 0.923880 0.000000
0.382683 0.923880 0.000000
0.382683 0.923880 0.000000
-0.382683 0.923880 0.000000
-0.382684 0.923879 0.000000
-0.382683 0.923880 0.000000
-0.382684 0.923879 0.000000
-0.382683 0.923880 0.000000
-0.382683 0.923880 0.000000
-0.923880 0.382683 0.000000
-0.923880 0.382683 0.000000
-0.923880 0.382683 0.000000
-0.923880 0.382683 0.000000
-0.923880 0.382683 0.000000
-0.923880 0.382683 0.000000
-0.923879 -0.382683 0.000000
-0.923879 -0.382684 0.000000
-0.923880 -0.382684 0.000000
-0.923879 -0.382684 0.000000
-0.923880 -0.382684 0.000000
-0.923879 -0.382683 0.000000
-0.382683 -0.923880 0.000000
-0.382683 -0.923880 0.000000
-0.382683 -0.923880 0.000000
-0.382683 -0.923880 0.000000
-0.382683 -0.923880 0.000000
-0.382683 -0.923880 0.000000
0.382683 -0.923880 0.000000
0.382683 -0.923880 0.000000
0.382683 -0.923880 0.000000
0.382683 -0.923880 0.000000
0.382683 -0.923880 0.000000
0.382683 -0.923880 0.000000
0.923880 -0.382683 0.000000
0.923880 -0.382683 0.000000
0.923880 -0.382683 0.000000
0.923880 -0.382683 0.000000
0.923880 -0.382683 0.000000
0.923880 -0.382683 0.000000
0.000000 0.000000 1.000000
0.000000 0.000000 1.000000
0.000000 0.000000 1.000000
0.000000 0.000000 1.000000
0.000000 0.000000 1.000000
0.000000 0.000000 1.000000
0.000000 0.000000 1.000000
0.000000 0.000000 1.000000
0.000000 0.000000 1.000000
0.000000 0.000000 1.000000
0.000000 0.000000 1.000000
0.000000 0.000000 1.000000
0.000000 0.000000 1.000000
0.000000 0.000000 1.000000
0.000000 0.000000 1.000000
0.000000 0.000000 1.000000
0.000000 0.000000 1.000000
0.000000 0.000000 1.000000
0.000000 0.000000 1.000000
0.000000 0.000000 1.000000
0.000000 0.000000 1.000000
0.000000 0.000000 1.000000
0.000000 0.000000 1.000000
0.000000 0.000000 1.000000
</float_array>
          <technique_common>
            <accessor source="#Cylinder001-Normal0-array" count="336" stride="3">
              <param name="X" type="float"/>
              <param name="Y" type="float"/>
              <param name="Z" type="float"/>
            </accessor>
          </technique_common>
        </source>
        <source id="Cylinder001-UV0">
          <float_array id="Cylinder001-UV0-array" count="156">
0.500000 0.000000
0.750000 0.000000
0.875000 0.000000
0.000000 0.000000
0.125000 0.000000
0.250000 0.000000
0.375000 0.000000
0.500000 0.000000
0.625000 0.000000
0.750000 0.166667
0.875000 0.166667
0.000000 0.166667
0.125000 0.166667
0.250000 0.166667
0.375000 0.166667
0.500000 0.166667
0.625000 0.166667
0.750000 0.333333
0.875000 0.333333
0.000000 0.333333
0.125000 0.333333
0.250000 0.333333
0.375000 0.333333
0.500000 0.333333
0.625000 0.333333
0.750000 0.500000
0.875000 0.500000
0.000000 0.500000
0.125000 0.500000
0.250000 0.500000
0.375000 0.500000
0.500000 0.500000
0.625000 0.500000
0.750000 0.666667
0.875000 0.666667
0.000000 0.666667
0.125000 0.666667
0.250000 0.666667
0.375000 0.666667
0.500000 0.666667
0.625000 0.666667
0.750000 0.833333
0.875000 0.833333
0.000000 0.833333
0.125000 0.833333
0.250000 0.833333
0.375000 0.833333
0.500000 0.833333
0.625000 0.833333
0.750000 1.000000
0.875000 1.000000
0.000000 1.000000
0.125000 1.000000
0.250000 1.000000
0.375000 1.000000
0.500000 1.000000
0.625000 1.000000
0.500000 1.000000
-0.125000 0.000000
-0.125000 0.000000
-0.125000 0.166667
-0.125000 0.000000
-0.125000 0.166667
-0.125000 0.333333
-0.125000 0.166667
-0.125000 0.333333
-0.125000 0.500000
-0.125000 0.333333
-0.125000 0.500000
-0.125000 0.666667
-0.125000 0.500000
-0.125000 0.666667
-0.125000 0.833333
-0.125000 0.666667
-0.125000 0.833333
-0.125000 1.000000
-0.125000 0.833333
-0.125000 1.000000
</float_array>
          <technique_common>
            <accessor source="#Cylinder001-UV0-array" count="78" stride="2">
              <param name="S" type="float"/>
              <param name="T" type="float"/>
            </accessor>
          </technique_common>
        </source>
        <vertices id="Cylinder001-VERTEX">
          <input semantic="POSITION" source="#Cylinder001-POSITION"/>
        </vertices>
        <triangles count="112"><input semantic="VERTEX" offset="0" source="#Cylinder001-VERTEX"/><input semantic="NORMAL" offset="1" source="#Cylinder001-Normal0"/><input semantic="TEXCOORD" offset="2" set="0" source="#Cylinder001-UV0"/><p> 0 0 0 2 1 2 1 2 1 0 3 0 3 4 3 2 5 58 0 6 0 4 7 4 3 8 3 0 9 0 5 10 5 4 11 4 0 12 0 6 13 6 5 14 5 0 15 0 7 16 7 6 17 6 0 18 0 8 19 8 7 20 7 0 21 0 1 22 1 8 23 8 1 24 1 10 25 10 9 26 9 1 27 1 2 28 2 10 29 10 2 30 59 11 31 11 10 32 60 2 33 61 3 34 3 11 35 11 3 36 3 12 37 12 11 38 11 3 39 3 4 40 4 12 41 12 4 42 4 13 43 13 12 44 12 4 45 4 5 46 5 13 47 13 5 48 5 14 49 14 13 50 13 5 51 5 6 52 6 14 53 14 6 54 6 15 55 15 14 56 14 6 57 6 7 58 7 15 59 15 7 60 7 16 61 16 15 62 15 7 63 7 8 64 8 16 65 16 8 66 8 9 67 9 16 68 16 8 69 8 1 70 1 9 71 9 9 72 9 18 73 18 17 74 17 9 75 9 10 76 10 18 77 18 10 78 62 19 79 19 18 80 63 10 81 64 11 82 11 19 83 19 11 84 11 20 85 20 19 86 19 11 87 11 12 88 12 20 89 20 12 90 12 21 91 21 20 92 20 12 93 12 13 94 13 21 95 21 13 96 13 22 97 22 21 98 21 13 99 13 14 100 14 22 101 22 14 102 14 23 103 23 22 104 22 14 105 14 15 106 15 23 107 23 15 108 15 24 109 24 23 110 23 15 111 15 16 112 16 24 113 24 16 114 16 17 115 17 24 116 24 16 117 16 9 118 9 17 119 17 17 120 17 26 121 26 25 122 25 17 123 17 18 124 18 26 125 26 18 126 65 27 127 27 26 128 66 18 129 67 19 130 19 27 131 27 19 132 19 28 133 28 27 134 27 19 135 19 20 136 20 28 137 28 20 138 20 29 139 29 28 140 28 20 141 20 21 142 21 29 143 29 21 144 21 30 145 30 29 146 29 21 147 21 22 148 22 30 149 30 22 150 22 31 151 31 30 152 30 22 153 22 23 154 23 31 155 31 23 156 23 32 157 32 31 158 31 23 159 23 24 160 24 32 161 32 24 162 24 25 163 25 32 164 32 24 165 24 17 166 17 25 167 25 25 168 25 34 169 34 33 170 33 25 171 25 26 172 26 34 173 34 26 174 68 35 175 35 34 176 69 26 177 70 27 178 27 35 179 35 27 180 27 36 181 36 35 182 35 27 183 27 28 184 28 36 185 36 28 186 28 37 187 37 36 188 36 28 189 28 29 190 29 37 191 37 29 192 29 38 193 38 37 194 37 29 195 29 30 196 30 38 197 38 30 198 30 39 199 39 38 200 38 30 201 30 31 202 31 39 203 39 31 204 31 40 205 40 39 206 39 31 207 31 32 208 32 40 209 40 32 210 32 33 211 33 40 212 40 32 213 32 25 214 25 33 215 33 33 216 33 42 217 42 41 218 41 33 219 33 34 220 34 42 221 42 34 222 71 43 223 43 42 224 72 34 225 73 35 226 35 43 227 43 35 228 35 44 229 44 43 230 43 35 231 35 36 232 36 44 233 44 36 234 36 45 235 45 44 236 44 36 237 36 37 238 37 45 239 45 37 240 37 46 241 46 45 242 45 37 243 37 38 244 38 46 245 46 38 246 38 47 247 47 46 248 46 38 249 38 39 250 39 47 251 47 39 252 39 48 253 48 47 254 47 39 255 39 40 256 40 48 257 48 40 258 40 41 259 41 48 260 48 40 261 40 33 262 33 41 263 41 41 264 41 50 265 50 49 266 49 41 267 41 42 268 42 50 269 50 42 270 74 51 271 51 50 272 75 42 273 76 43 274 43 51 275 51 43 276 43 52 277 52 51 278 51 43 279 43 44 280 44 52 281 52 44 282 44 53 283 53 52 284 52 44 285 44 45 286 45 53 287 53 45 288 45 54 289 54 53 290 53 45 291 45 46 292 46 54 293 54 46 294 46 55 295 55 54 296 54 46 297 46 47 298 47 55 299 55 47 300 47 56 301 56 55 302 55 47 303 47 48 304 48 56 305 56 48 306 48 49 307 49 56 308 56 48 309 48 41 310 41 49 311 49 57 312 57 49 313 49 50 314 50 57 315 57 50 316 77 51 317 51 57 318 57 51 319 51 52 320 52 57 321 57 52 322 52 53 323 53 57 324 57 53 325 53 54 326 54 57 327 57 54 328 54 55 329 55 57 330 57 55 331 55 56 332 56 57 333 57 56 334 56 49 335 49</p></triangles>
      </mesh>
    </geometry>
  </library_geometries>
  <library_controllers>
    <controller id="Cylinder001Controller">
      <skin source="#Cylinder001-lib">
        <bind_shape_matrix>1.000000 -0.000000 0.000000 0.303207 0.000000 1.000000 -0.000000 0.215347 0.000000 0.000000 1.000000 0.000000 0.000000 0.000000 0.000000 1.000000
</bind_shape_matrix>
        <source id="Cylinder001Controller-Joints">
          <Name_array id="Cylinder001Controller-Joints-array" count="3">
 Bone001 Bone002 Bone003</Name_array>
          <technique_common>
            <accessor source="#Cylinder001Controller-Joints-array" count="3">
              <param type="name"/>
            </accessor>
          </technique_common>
        </source>
        <source id="Cylinder001Controller-Matrices">
          <float_array id="Cylinder001Controller-Matrices-array" count="48">

0.000000 -0.000000 1.000000 -0.000000 -1.000000 -0.000000 0.000000 -0.000000 0.000000 -1.000000 -0.000000 -0.000000 0.000000 0.000000 0.000000 1.000000
0.000000 -0.000000 1.000000 -10.000000 -1.000000 -0.000000 0.000000 0.000000 0.000000 -1.000000 -0.000000 -0.000000 0.000000 0.000000 0.000000 1.000000
0.000000 -0.000000 1.000000 -20.000000 -1.000000 -0.000000 0.000000 -0.000000 0.000000 -1.000000 -0.000000 -0.000001 0.000000 0.000000 0.000000 1.000000</float_array>
          <technique_common>
            <accessor source="#Cylinder001Controller-Matrices-array" count="3" stride="16">
              <param type="float4x4"/>
            </accessor>
          </technique_common>
        </source>
        <source id="Cylinder001Controller-Weights">
          <float_array id="Cylinder001Controller-Weights-array" count="75">

1.000000 1.000000 1.000000 1.000000 1.000000 1.000000 1.000000 1.000000 1.000000 1.000000 1.000000 1.000000 1.000000 1.000000 1.000000 1.000000
1.000000 1.000000 0.499999 0.500001 0.500000 0.500000 0.500000 0.500000 0.500000 0.500000 0.500000 0.500000 0.500000 0.500000 0.500000 0.500000
0.499999 0.500001 1.000000 1.000000 1.000000 1.000000 1.000000 1.000000 1.000000 1.000000 0.500000 0.500000 0.500000 0.500000 0.500000 0.500000
0.500001 0.499999 0.500000 0.499999 0.500000 0.500000 0.500000 0.500000 0.500000 0.500000 1.000000 1.000000 1.000000 1.000000 1.000000 1.000000
1.000000 1.000000 1.000000 1.000000 1.000000 1.000000 1.000000 1.000000 1.000000 1.000000 1.000000</float_array>
          <technique_common>
            <accessor source="#Cylinder001Controller-Weights-array" count="75">
              <param type="float"/>
            </accessor>
          </technique_common>
        </source>
        <joints>
          <input semantic="JOINT" source="#Cylinder001Controller-Joints"/>
          <input semantic="INV_BIND_MATRIX" source="#Cylinder001Controller-Matrices"/>
        </joints>
        <vertex_weights count="58">
          <input semantic="JOINT" offset="0" source="#Cylinder001Controller-Joints"/>
          <input semantic="WEIGHT" offset="1" source="#Cylinder001Controller-Weights"/>
          <vcount>1 1 1 1 1 1 1 1 1 1 1 1 1 1 1 1 1 2 2 2 2 2 2 2 2 1 1 1 1 1 1 1 1 2 2 2 2 2 2 2 2 1 1 1 1 1 1 1 1 1 1 1 1 1 1 1 1 1</vcount>
          <v>0 1 0 2 0 3 0 4 0 5 0 6 0 7 0 8 0 9 0 10 0 11 0 12 0 13 0 14 0 15 0 16 0 17 0 18 1 19 0 20 1 21 0 22 1 23 0 24 1 25 0 26 1 27 0 28 1 29 0 30 1 31 0 32 1 33 1 34 1 35 1 36 1 37 1 38 1 39 1 40 1 41 1 42 2 43 1 44 2 45 1 46 2 47 1 48 2 49 1 50 2 51 1 52 2 53 1 54 2 55 1 56 2 57 2 58 2 59 2 60 2 61 2 62 2 63 2 64 2 65 2 66 2 67 2 68 2 69 2 70 2 71 2 72 2 73 2 74</v>
        </vertex_weights>
      </skin>
    </controller>
  </library_controllers>
  <library_animations>
    <animation id="Bone002-anim" name="Bone002"><animation><source id="Bone002-Matrix-animation-input"><float_array id="Bone002-Matrix-animation-input-array" count="101">

0.000000 0.033333 0.066667 0.100000 0.133333 0.166667 0.200000 0.233333 0.266667 0.300000 0.333333 0.366667 0.400000 0.433333 0.466667 0.500000
0.533333 0.566667 0.600000 0.633333 0.666667 0.700000 0.733333 0.766667 0.800000 0.833333 0.866667 0.900000 0.933333 0.966667 1.000000 1.033333
1.066667 1.100000 1.133333 1.166667 1.200000 1.233333 1.266667 1.300000 1.333333 1.366667 1.400000 1.433333 1.466667 1.500000 1.533333 1.566667
1.600000 1.633333 1.666667 1.700000 1.733333 1.766667 1.800000 1.833333 1.866667 1.900000 1.933333 1.966667 2.000000 2.033333 2.066667 2.100000
2.133333 2.166667 2.200000 2.233333 2.266667 2.300000 2.333333 2.366667 2.400000 2.433333 2.466667 2.500000 2.533333 2.566667 2.600000 2.633333
2.666667 2.700000 2.733333 2.766667 2.800000 2.833333 2.866667 2.900000 2.933333 2.966667 3.000000 3.033333 3.066667 3.100000 3.133333 3.166667
3.200000 3.233333 3.266667 3.300000 3.333333</float_array><technique_common><accessor source="#Bone002-Matrix-animation-input-array" count="101"><param name="TIME" type="float"/></accessor></technique_common></source><source id="Bone002-Matrix-animation-output-transform"><float_array id="Bone002-Matrix-animation-output-transform-array" count="1616">

1.000000 -0.000000 0.000000 10.000000 0.000000 1.000000 0.000000 -0.000002 -0.000000 0.000000 1.000000 0.000000 0.000000 0.000000 0.000000 1.000000
0.999999 -0.000000 -0.001095 10.000000 -0.000000 1.000000 0.000000 -0.000002 0.001095 0.000000 0.999999 0.000000 0.000000 0.000000 0.000000 1.000000
0.999991 -0.000000 -0.004292 10.000000 -0.000000 1.000000 0.000000 -0.000002 0.004292 0.000000 0.999991 0.000000 0.000000 0.000000 0.000000 1.000000
0.999955 -0.000000 -0.009455 10.000000 -0.000000 1.000000 0.000000 -0.000002 0.009455 0.000000 0.999955 0.000000 0.000000 0.000000 0.000000 1.000000
0.999865 -0.000000 -0.016449 10.000000 0.000000 1.000000 0.000000 -0.000002 0.016449 0.000000 0.999865 0.000000 0.000000 0.000000 0.000000 1.000000
0.999684 -0.000000 -0.025140 10.000000 0.000000 1.000000 0.000000 -0.000002 0.025140 0.000000 0.999684 0.000000 0.000000 0.000000 0.000000 1.000000
0.999374 -0.000000 -0.035392 10.000000 0.000000 1.000000 0.000000 -0.000002 0.035392 0.000000 0.999374 0.000000 0.000000 0.000000 0.000000 1.000000
0.998892 -0.000000 -0.047068 10.000000 0.000000 1.000000 0.000000 -0.000002 0.047068 0.000000 0.998892 0.000000 0.000000 0.000000 0.000000 1.000000
0.998197 -0.000000 -0.060030 10.000000 -0.000000 1.000000 0.000000 -0.000002 0.060030 0.000000 0.998197 0.000000 0.000000 0.000000 0.000000 1.000000
0.997248 -0.000000 -0.074140 10.000000 0.000000 1.000000 0.000000 -0.000002 0.074140 0.000000 0.997248 0.000000 0.000000 0.000000 0.000000 1.000000
0.996009 -0.000000 -0.089258 10.000000 0.000000 1.000000 -0.000000 -0.000002 0.089258 0.000000 0.996009 0.000000 0.000000 0.000000 0.000000 1.000000
0.994447 -0.000000 -0.105243 10.000000 0.000000 1.000000 0.000000 -0.000002 0.105243 0.000000 0.994447 0.000000 0.000000 0.000000 0.000000 1.000000
0.992536 -0.000000 -0.121955 10.000000 0.000000 1.000000 0.000000 -0.000002 0.121955 0.000000 0.992536 0.000000 0.000000 0.000000 0.000000 1.000000
0.990257 -0.000000 -0.139252 10.000000 0.000000 1.000000 0.000000 -0.000002 0.139252 0.000000 0.990257 0.000000 0.000000 0.000000 0.000000 1.000000
0.987600 -0.000000 -0.156991 10.000000 -0.000000 1.000000 0.000000 -0.000002 0.156991 0.000000 0.987600 0.000000 0.000000 0.000000 0.000000 1.000000
0.984563 -0.000000 -0.175031 10.000000 -0.000000 1.000000 -0.000000 -0.000002 0.175031 0.000000 0.984563 0.000000 0.000000 0.000000 0.000000 1.000000
0.981153 -0.000000 -0.193232 10.000000 0.000000 1.000000 0.000000 -0.000002 0.193232 0.000000 0.981153 0.000000 0.000000 0.000000 0.000000 1.000000
0.977388 -0.000000 -0.211455 10.000000 -0.000000 1.000000 0.000000 -0.000002 0.211455 0.000000 0.977388 0.000000 0.000000 0.000000 0.000000 1.000000
0.973294 -0.000000 -0.229561 10.000000 0.000000 1.000000 0.000000 -0.000002 0.229561 0.000000 0.973294 0.000000 0.000000 0.000000 0.000000 1.000000
0.968910 -0.000000 -0.247414 10.000000 0.000000 1.000000 -0.000000 -0.000002 0.247414 0.000000 0.968910 0.000000 0.000000 0.000000 0.000000 1.000000
0.964280 -0.000000 -0.264883 10.000000 0.000000 1.000000 0.000000 -0.000002 0.264883 0.000000 0.964280 0.000000 0.000000 0.000000 0.000000 1.000000
0.959462 -0.000000 -0.281838 10.000000 -0.000000 1.000000 0.000000 -0.000002 0.281838 0.000000 0.959462 0.000000 0.000000 0.000000 0.000000 1.000000
0.954519 -0.000000 -0.298150 10.000000 0.000000 1.000000 0.000000 -0.000002 0.298150 0.000000 0.954519 0.000000 0.000000 0.000000 0.000000 1.000000
0.949523 -0.000000 -0.313698 10.000000 0.000000 1.000000 -0.000000 -0.000002 0.313698 0.000000 0.949523 0.000000 0.000000 0.000000 0.000000 1.000000
0.944553 -0.000000 -0.328360 10.000000 0.000000 1.000000 0.000000 -0.000002 0.328360 0.000000 0.944553 0.000000 0.000000 0.000000 0.000000 1.000000
0.939693 -0.000000 -0.342020 10.000000 0.000000 1.000000 0.000000 -0.000002 0.342020 0.000000 0.939693 0.000000 0.000000 0.000000 0.000000 1.000000
0.934635 -0.000000 -0.355608 10.000000 0.000000 1.000000 -0.000000 -0.000002 0.355608 0.000000 0.934635 0.000000 0.000000 0.000000 0.000000 1.000000
0.929018 -0.000000 -0.370035 10.000000 0.000000 1.000000 0.000000 -0.000002 0.370035 0.000000 0.929018 0.000000 0.000000 0.000000 0.000000 1.000000
0.922851 -0.000000 -0.385157 10.000000 0.000000 1.000000 0.000000 -0.000002 0.385157 0.000000 0.922851 0.000000 0.000000 0.000000 0.000000 1.000000
0.916152 -0.000000 -0.400830 10.000000 0.000000 1.000000 -0.000000 -0.000002 0.400830 0.000000 0.916152 0.000000 0.000000 0.000000 0.000000 1.000000
0.908945 -0.000000 -0.416915 10.000000 0.000000 1.000000 0.000000 -0.000002 0.416915 0.000000 0.908945 0.000000 0.000000 0.000000 0.000000 1.000000
0.901263 -0.000000 -0.433273 10.000000 0.000000 1.000000 -0.000000 -0.000002 0.433273 0.000000 0.901263 0.000000 0.000000 0.000000 0.000000 1.000000
0.893145 -0.000000 -0.449768 10.000000 0.000000 1.000000 -0.000000 -0.000002 0.449768 0.000000 0.893145 0.000000 0.000000 0.000000 0.000000 1.000000
0.884643 -0.000000 -0.466269 10.000000 -0.000000 1.000000 0.000000 -0.000002 0.466269 0.000000 0.884643 0.000000 0.000000 0.000000 0.000000 1.000000
0.875814 -0.000000 -0.482648 10.000000 0.000000 1.000000 -0.000000 -0.000002 0.482648 0.000000 0.875814 0.000000 0.000000 0.000000 0.000000 1.000000
0.866727 -0.000000 -0.498783 10.000000 0.000000 1.000000 0.000000 -0.000002 0.498783 0.000000 0.866727 0.000000 0.000000 0.000000 0.000000 1.000000
0.857457 -0.000000 -0.514555 10.000000 -0.000000 1.000000 0.000000 -0.000002 0.514555 0.000000 0.857457 0.000000 0.000000 0.000000 0.000000 1.000000
0.848090 0.000000 -0.529852 10.000000 0.000000 1.000000 0.000000 -0.000002 0.529852 0.000000 0.848090 0.000000 0.000000 0.000000 0.000000 1.000000
0.838718 0.000000 -0.544567 10.000000 -0.000000 1.000000 -0.000000 -0.000002 0.544567 0.000000 0.838718 0.000000 0.000000 0.000000 0.000000 1.000000
0.829439 -0.000000 -0.558597 10.000000 0.000000 1.000000 0.000000 -0.000002 0.558597 0.000000 0.829439 0.000000 0.000000 0.000000 0.000000 1.000000
0.820360 -0.000000 -0.571847 10.000000 0.000000 1.000000 0.000000 -0.000002 0.571847 0.000000 0.820360 0.000000 0.000000 0.000000 0.000000 1.000000
0.811592 0.000000 -0.584224 10.000000 0.000000 1.000000 0.000000 -0.000002 0.584224 0.000000 0.811592 0.000000 0.000000 0.000000 0.000000 1.000000
0.803249 -0.000000 -0.595643 10.000000 0.000000 1.000000 0.000000 -0.000002 0.595643 0.000000 0.803249 0.000000 0.000000 0.000000 0.000000 1.000000
0.795450 0.000000 -0.606019 10.000000 0.000000 1.000000 -0.000000 -0.000002 0.606019 0.000000 0.795450 0.000000 0.000000 0.000000 0.000000 1.000000
0.788314 -0.000000 -0.615273 10.000000 -0.000000 1.000000 0.000000 -0.000002 0.615273 0.000000 0.788314 0.000000 0.000000 0.000000 0.000000 1.000000
0.781962 -0.000000 -0.623326 10.000000 0.000000 1.000000 0.000000 -0.000002 0.623326 0.000000 0.781962 0.000000 0.000000 0.000000 0.000000 1.000000
0.776514 -0.000000 -0.630100 10.000000 0.000000 1.000000 0.000000 -0.000002 0.630100 0.000000 0.776514 0.000000 0.000000 0.000000 0.000000 1.000000
0.772088 0.000000 -0.635516 10.000000 0.000000 1.000000 0.000000 -0.000002 0.635516 0.000000 0.772088 0.000000 0.000000 0.000000 0.000000 1.000000
0.768796 0.000000 -0.639494 10.000000 0.000000 1.000000 0.000000 -0.000002 0.639494 0.000000 0.768796 0.000000 0.000000 0.000000 0.000000 1.000000
0.766748 -0.000000 -0.641948 10.000000 0.000000 1.000000 0.000000 -0.000002 0.641948 0.000000 0.766748 0.000000 0.000000 0.000000 0.000000 1.000000
0.766044 0.000000 -0.642788 10.000000 0.000000 1.000000 0.000000 -0.000002 0.642788 0.000000 0.766044 0.000000 0.000000 0.000000 0.000000 1.000000
0.766748 0.000000 -0.641948 10.000000 0.000000 1.000000 0.000000 -0.000002 0.641948 0.000000 0.766748 0.000000 0.000000 0.000000 0.000000 1.000000
0.768796 0.000000 -0.639494 10.000000 0.000000 1.000000 0.000000 -0.000002 0.639494 0.000000 0.768796 0.000000 0.000000 0.000000 0.000000 1.000000
0.772088 -0.000000 -0.635516 10.000000 0.000000 1.000000 0.000000 -0.000002 0.635516 0.000000 0.772088 0.000000 0.000000 0.000000 0.000000 1.000000
0.776514 -0.000000 -0.630100 10.000000 0.000000 1.000000 0.000000 -0.000002 0.630100 0.000000 0.776514 0.000000 0.000000 0.000000 0.000000 1.000000
0.781962 -0.000000 -0.623326 10.000000 -0.000000 1.000000 0.000000 -0.000002 0.623326 0.000000 0.781962 0.000000 0.000000 0.000000 0.000000 1.000000
0.788314 0.000000 -0.615273 10.000000 -0.000000 1.000000 0.000000 -0.000002 0.615273 0.000000 0.788314 0.000000 0.000000 0.000000 0.000000 1.000000
0.795450 0.000000 -0.606019 10.000000 0.000000 1.000000 -0.000000 -0.000002 0.606019 0.000000 0.795450 0.000000 0.000000 0.000000 0.000000 1.000000
0.803249 -0.000000 -0.595643 10.000000 0.000000 1.000000 0.000000 -0.000002 0.595643 0.000000 0.803249 0.000000 0.000000 0.000000 0.000000 1.000000
0.811592 0.000000 -0.584224 10.000000 0.000000 1.000000 0.000000 -0.000002 0.584224 0.000000 0.811592 0.000000 0.000000 0.000000 0.000000 1.000000
0.820361 -0.000000 -0.571847 10.000000 -0.000000 1.000000 0.000000 -0.000002 0.571847 0.000000 0.820361 0.000000 0.000000 0.000000 0.000000 1.000000
0.829439 -0.000000 -0.558597 10.000000 0.000000 1.000000 0.000000 -0.000002 0.558597 0.000000 0.829439 0.000000 0.000000 0.000000 0.000000 1.000000
0.838718 0.000000 -0.544567 10.000000 -0.000000 1.000000 -0.000000 -0.000002 0.544567 0.000000 0.838718 0.000000 0.000000 0.000000 0.000000 1.000000
0.848090 0.000000 -0.529852 10.000000 0.000000 1.000000 0.000000 -0.000002 0.529852 0.000000 0.848090 0.000000 0.000000 0.000000 0.000000 1.000000
0.857457 -0.000000 -0.514555 10.000000 -0.000000 1.000000 0.000000 -0.000002 0.514555 0.000000 0.857457 0.000000 0.000000 0.000000 0.000000 1.000000
0.866727 0.000000 -0.498783 10.000000 0.000000 1.000000 0.000000 -0.000002 0.498783 0.000000 0.866727 0.000000 0.000000 0.000000 0.000000 1.000000
0.875814 -0.000000 -0.482648 10.000000 0.000000 1.000000 0.000000 -0.000002 0.482648 0.000000 0.875814 0.000000 0.000000 0.000000 0.000000 1.000000
0.884643 -0.000000 -0.466269 10.000000 -0.000000 1.000000 0.000000 -0.000002 0.466269 0.000000 0.884643 0.000000 0.000000 0.000000 0.000000 1.000000
0.893145 -0.000000 -0.449768 10.000000 0.000000 1.000000 -0.000000 -0.000002 0.449768 0.000000 0.893145 0.000000 0.000000 0.000000 0.000000 1.000000
0.901263 -0.000000 -0.433273 10.000000 0.000000 1.000000 -0.000000 -0.000002 0.433273 0.000000 0.901263 0.000000 0.000000 0.000000 0.000000 1.000000
0.908945 -0.000000 -0.416915 10.000000 -0.000000 1.000000 0.000000 -0.000002 0.416915 0.000000 0.908945 0.000000 0.000000 0.000000 0.000000 1.000000
0.916152 -0.000000 -0.400830 10.000000 0.000000 1.000000 0.000000 -0.000002 0.400830 0.000000 0.916152 0.000000 0.000000 0.000000 0.000000 1.000000
0.922851 -0.000000 -0.385157 10.000000 -0.000000 1.000000 0.000000 -0.000002 0.385157 0.000000 0.922851 0.000000 0.000000 0.000000 0.000000 1.000000
0.929018 -0.000000 -0.370035 10.000000 0.000000 1.000000 0.000000 -0.000002 0.370035 0.000000 0.929018 0.000000 0.000000 0.000000 0.000000 1.000000
0.934635 -0.000000 -0.355608 10.000000 -0.000000 1.000000 0.000000 -0.000002 0.355608 0.000000 0.934635 0.000000 0.000000 0.000000 0.000000 1.000000
0.939693 -0.000000 -0.342020 10.000000 0.000000 1.000000 0.000000 -0.000002 0.342020 0.000000 0.939693 0.000000 0.000000 0.000000 0.000000 1.000000
0.944553 -0.000000 -0.328360 10.000000 0.000000 1.000000 0.000000 -0.000002 0.328360 0.000000 0.944553 0.000000 0.000000 0.000000 0.000000 1.000000
0.949523 -0.000000 -0.313698 10.000000 0.000000 1.000000 -0.000000 -0.000002 0.313698 0.000000 0.949523 0.000000 0.000000 0.000000 0.000000 1.000000
0.954519 -0.000000 -0.298150 10.000000 0.000000 1.000000 0.000000 -0.000002 0.298150 0.000000 0.954519 0.000000 0.000000 0.000000 0.000000 1.000000
0.959462 -0.000000 -0.281838 10.000000 -0.000000 1.000000 0.000000 -0.000002 0.281838 0.000000 0.959462 0.000000 0.000000 0.000000 0.000000 1.000000
0.964280 -0.000000 -0.264884 10.000000 -0.000000 1.000000 0.000000 -0.000002 0.264884 0.000000 0.964280 0.000000 0.000000 0.000000 0.000000 1.000000
0.968910 -0.000000 -0.247414 10.000000 0.000000 1.000000 0.000000 -0.000002 0.247414 0.000000 0.968910 0.000000 0.000000 0.000000 0.000000 1.000000
0.973294 -0.000000 -0.229561 10.000000 -0.000000 1.000000 0.000000 -0.000002 0.229561 0.000000 0.973294 0.000000 0.000000 0.000000 0.000000 1.000000
0.977388 -0.000000 -0.211455 10.000000 -0.000000 1.000000 0.000000 -0.000002 0.211455 0.000000 0.977388 0.000000 0.000000 0.000000 0.000000 1.000000
0.981153 -0.000000 -0.193232 10.000000 0.000000 1.000000 0.000000 -0.000002 0.193232 0.000000 0.981153 0.000000 0.000000 0.000000 0.000000 1.000000
0.984563 -0.000000 -0.175031 10.000000 0.000000 1.000000 0.000000 -0.000002 0.175031 0.000000 0.984563 0.000000 0.000000 0.000000 0.000000 1.000000
0.987600 -0.000000 -0.156991 10.000000 -0.000000 1.000000 0.000000 -0.000002 0.156991 0.000000 0.987600 0.000000 0.000000 0.000000 0.000000 1.000000
0.990257 -0.000000 -0.139252 10.000000 0.000000 1.000000 0.000000 -0.000002 0.139252 0.000000 0.990257 0.000000 0.000000 0.000000 0.000000 1.000000
0.992536 -0.000000 -0.121955 10.000000 0.000000 1.000000 0.000000 -0.000002 0.121955 0.000000 0.992536 0.000000 0.000000 0.000000 0.000000 1.000000
0.994447 -0.000000 -0.105243 10.000000 0.000000 1.000000 0.000000 -0.000002 0.105243 0.000000 0.994447 0.000000 0.000000 0.000000 0.000000 1.000000
0.996009 -0.000000 -0.089258 10.000000 0.000000 1.000000 0.000000 -0.000002 0.089258 0.000000 0.996009 0.000000 0.000000 0.000000 0.000000 1.000000
0.997248 -0.000000 -0.074140 10.000000 0.000000 1.000000 0.000000 -0.000002 0.074140 0.000000 0.997248 0.000000 0.000000 0.000000 0.000000 1.000000
0.998197 -0.000000 -0.060030 10.000000 -0.000000 1.000000 0.000000 -0.000002 0.060030 0.000000 0.998197 0.000000 0.000000 0.000000 0.000000 1.000000
0.998892 -0.000000 -0.047068 10.000000 0.000000 1.000000 0.000000 -0.000002 0.047068 0.000000 0.998892 0.000000 0.000000 0.000000 0.000000 1.000000
0.999374 -0.000000 -0.035392 10.000000 0.000000 1.000000 0.000000 -0.000002 0.035392 0.000000 0.999374 0.000000 0.000000 0.000000 0.000000 1.000000
0.999684 -0.000000 -0.025140 10.000000 0.000000 1.000000 0.000000 -0.000002 0.025140 0.000000 0.999684 0.000000 0.000000 0.000000 0.000000 1.000000
0.999865 -0.000000 -0.016449 10.000000 0.000000 1.000000 0.000000 -0.000002 0.016449 0.000000 0.999865 0.000000 0.000000 0.000000 0.000000 1.000000
0.999955 -0.000000 -0.009455 10.000000 -0.000000 1.000000 0.000000 -0.000002 0.009455 0.000000 0.999955 0.000000 0.000000 0.000000 0.000000 1.000000
0.999991 -0.000000 -0.004292 10.000000 -0.000000 1.000000 0.000000 -0.000002 0.004292 0.000000 0.999991 0.000000 0.000000 0.000000 0.000000 1.000000
0.999999 -0.000000 -0.001095 10.000000 0.000000 1.000000 0.000000 -0.000002 0.001095 0.000000 0.999999 0.000000 0.000000 0.000000 0.000000 1.000000
1.000000 -0.000000 0.000000 10.000000 0.000000 1.000000 0.000000 -0.000002 -0.000000 0.000000 1.000000 0.000000 0.000000 0.000000 0.000000 1.000000</float_array><technique_common><accessor source="#Bone002-Matrix-animation-output-transform-array" count="101" stride="16"><param type="float4x4"/></accessor></technique_common></source><source id="Bone002-Interpolations"><Name_array id="Bone002-Interpolations-array" count="101">
 LINEAR LINEAR LINEAR LINEAR LINEAR LINEAR LINEAR LINEAR LINEAR LINEAR LINEAR
LINEAR LINEAR LINEAR LINEAR LINEAR LINEAR LINEAR LINEAR LINEAR LINEAR LINEAR LINEAR
LINEAR LINEAR LINEAR LINEAR LINEAR LINEAR LINEAR LINEAR LINEAR LINEAR LINEAR LINEAR
LINEAR LINEAR LINEAR LINEAR LINEAR LINEAR LINEAR LINEAR LINEAR LINEAR LINEAR LINEAR
LINEAR LINEAR LINEAR LINEAR LINEAR LINEAR LINEAR LINEAR LINEAR LINEAR LINEAR LINEAR
LINEAR LINEAR LINEAR LINEAR LINEAR LINEAR LINEAR LINEAR LINEAR LINEAR LINEAR LINEAR
LINEAR LINEAR LINEAR LINEAR LINEAR LINEAR LINEAR LINEAR LINEAR LINEAR LINEAR LINEAR
LINEAR LINEAR LINEAR LINEAR LINEAR LINEAR LINEAR LINEAR LINEAR LINEAR LINEAR LINEAR
LINEAR LINEAR LINEAR LINEAR LINEAR LINEAR</Name_array><technique_common><accessor source="#Bone002-Interpolations-array" count="101"><param type="name"/></accessor></technique_common></source><sampler id="Bone002-Matrix-animation-transform"><input semantic="INPUT" source="#Bone002-Matrix-animation-input"/><input semantic="OUTPUT" source="#Bone002-Matrix-animation-output-transform"/><input semantic="INTERPOLATION" source="#Bone002-Interpolations"/></sampler><channel source="#Bone002-Matrix-animation-transform" target="Bone002/matrix"/></animation></animation>
    <animation id="Bone003-anim" name="Bone003"><animation><source id="Bone003-Matrix-animation-input"><float_array id="Bone003-Matrix-animation-input-array" count="101">

0.000000 0.033333 0.066667 0.100000 0.133333 0.166667 0.200000 0.233333 0.266667 0.300000 0.333333 0.366667 0.400000 0.433333 0.466667 0.500000
0.533333 0.566667 0.600000 0.633333 0.666667 0.700000 0.733333 0.766667 0.800000 0.833333 0.866667 0.900000 0.933333 0.966667 1.000000 1.033333
1.066667 1.100000 1.133333 1.166667 1.200000 1.233333 1.266667 1.300000 1.333333 1.366667 1.400000 1.433333 1.466667 1.500000 1.533333 1.566667
